1.0
0.999587697412986
0.9983510080951227
0.9962905881003193
0.9934075332614642
0.9897033827880335
0.9851801242687724
0.9798402000454117
0.973686514913499
0.9667224450964854
0.9589518484292137
0.9503790756767518
0.9410089829044396
0.9308469448046331
0.9198988688754898
0.9081712103367507
0.895670987657406
0.8824057985600582
0.8683838363569444
0.8536139064632369
0.8381054429240665
0.8218685247833664
0.8049138921147587
0.7872529615279241
0.7688978409577846
0.7498613435393069
0.7301570003670997
0.7097990719371837
0.6888025580680076
0.6671832060992966
0.6449575171709528
0.6221427503896608
0.598756924698863
0.5748188182777068
0.5503479653071766
0.525364649956307
0.49988989745864615
0.473945462168595
0.44755381250888726
0.4207381127442254
0.39352220154161754
0.36593056730521223
0.3379883203018254
0.30972116162296115
0.28115534905921225
0.252317659993301
0.2232353514482189
0.1939361174564847
0.16444804394499576
0.13479956135694954
0.10501939525726094
0.07513651519057714
0.04518008208076738
0.01517939447766541
-0.014836166029955439
-0.04483718990637306
-0.07479429493115877
-0.10467818129501666
-0.1344596861944487
-0.1641098375963881
-0.19359990685363263
-0.2229014598651875
-0.2519864064923914
-0.28082704796148894
-0.30939612200596645
-0.33766684552685655
-0.3656129545762193
-0.393208741497479
-0.42042908908576315
-0.44724950166168753
-0.47364613298231556
-0.4995958109431797
-0.5250760590548097
-0.5500651147056693
-0.5745419442506587
-0.5984862549898693
-0.6218785041260687
-0.6446999048110562
-0.6669324294105515
-0.6885588101344274
-0.7095625371940666
-0.7299278546609591
-0.7496397542109167
-0.7686839669460505
-0.7870469534923237
-0.804715892574022
-0.8216786682680803
-0.8379238561409078
-0.853440708468516
-0.8682191387372625
-0.8822497056178955
-0.8955235965995539
-0.9080326114635388
-0.9197691457689523
-0.930726174513721
-0.9408972361256257
-0.9502764169283971
-0.9588583362182002
-0.9666381320757602
-0.9736114480292585
-0.9797744206727937
-0.9851236683350342
-0.9896562808822986
-0.9933698107302729
-0.9962622651282741
-0.9983320997701183
-0.9995782137755197
-0.999999946076278
-0.999597073231575
-0.9983698086870433
-0.9963188034825786
-0.9934451484041553
-0.9897503775651855
-0.9852364733933152
-0.9799058729886969
-0.9737614758099199
-0.9668066526338961
-0.959045255725878
-0.9504816301458066
-0.9411206261068332
-0.9309676122916917
-0.920028490022373
-0.908309708168175
-0.8958182786671081
-0.882561792525605
-0.8685484361516104
-0.8537870078667679
-0.8382869344342309
-0.8220582874303205
-0.8051117992803337
-0.7874588787719581
-0.7691116258538007
-0.7500828455217522
-0.7303860605924919
-0.7100355231614721
-0.6890462245424736
-0.6674339034872675
-0.6452150524875725
-0.6224069219668964
-0.5990275221777487
-0.5750956226298143
-0.5506307488870433
-0.5256531765864273
-0.5001839225484005
-0.4742447328682636
-0.4478580678996311
-0.4210470840646298
-0.39383561245112286
-0.36624813418436925
-0.33830975258906915
-0.3100461621871915
-0.28148361460713006
-0.2526488815101279
-0.22356921467008306
-0.1942723033723655
-0.164786229325919
-0.13513941930966997
-0.10536059579956523
-0.07547872584493416
-0.04552296848298823
-0.015522620996958638
0.014492935663250325
0.04449429196914833
0.07445206507586509
0.10433695392178453
0.1341197938308162
0.1637716102883626
0.19326367157162913
0.22256753992829367
0.2516551210141264
0.28049871132005594
0.30907104334162155
0.33734532826884245
0.3652952960013001
0.39289523232181184
0.4201200130915199
0.44694513535945535
0.4733467453099834
0.4993016630016857
0.5247874038807386
0.5497821970804531
0.5742650005457449
0.5982155130469942
0.6216141831715167
0.6444422154024968
0.6666815734148765
0.6883149807348654
0.7093259189245711
0.729698623465893
0.7494180775278269
0.7684700038093208
0.7868408546554115
0.8045178006479722
0.8214887178739876
0.8377421740740156
0.8532674138716652
0.8680543432815014
0.8820935136880074
0.8953761054824622
0.9078939115375565
0.9196393206919465
0.9306053014083935
0.9407853857601637
0.9501736538909207
0.9587647190834923
0.9665537135629292
0.9735362751490444
0.9797085348633937
0.9850671055854301
0.9896090718421646
0.9933319808056852
0.9962338345625515
0.9983130837091966
0.9995686223174775
0.999999784304614
0.999606341232046
0.9983885015479607
0.9963469112785304
0.9934826561632717
0.9897972652201791
0.9852927157166538
0.9799714395122595
0.9738363307298096
0.9668907547009916
0.9591385581229658
0.9505840803521644
0.9412321657512739
0.9310881769952786
0.9201580092319538
0.908448104982174
0.8959654696550646
0.8827176875430303
0.86871293815189
0.8539600127119079
0.838468330706415
0.8222479562462128
0.8053096141102978
0.7876647052663098
0.7693253216783557
0.750304260204921
0.7306150353862465
0.7102718909185297
0.6892898096119373
0.6676845216311287
0.6454725108201873
0.6226710189196784
0.5992980474911049
0.5753723573742702
0.5509134655153057
0.5259416390179903
0.5004778862880874
0.4745439451598213
0.4481622679153095
0.42135600313129545
0.3941489743132657
0.36656565530394625
0.3386311424818612
0.3103711237949632
0.28181184470459614
0.25298007114529697
0.22390304963627466
0.19460846470986126
0.16512439385081304
0.13547926016734355
0.10570178303970497
0.07582092701503738
0.04586584923684654
0.015865845714605954
-0.014149703247869586
-0.04415138813656731
-0.07410982548938433
-0.10399571299954374
-0.13377988412542816
-0.1634333618777841
-0.19292741146494397
-0.22223359148973182
-0.2513238034085703
-0.2801703389829824
-0.30874592547616564
-0.3370237683723609
-0.3649775914235488
-0.39258167385641707
-0.41981088460219473
-0.4466407134419954
-0.4730472989907309
-0.49900745347284337
-0.5244986842725591
-0.5494992122700152
-0.5739879870017145
-0.597944698709515
-0.6213497873660637
-0.6441844487863595
-0.6664306379546706
-0.6880710697132861
-0.7090892169745124
-0.7294693066298349
-0.7491963133403686
-0.7682559514005969
-0.7866346648731412
-0.8043196161957967
-0.8212986734637723
-0.8375603965898402
-0.8530940225431975
-0.8678894498644953
-0.881937222649817
-0.8952285141904184
-0.9077551104482118
-0.9195093935392741
-0.9304843253890942
-0.9406734317143927
-0.9500707864768076
-0.9586709969439824
-0.9664691894835289
-0.9734609962052685
-0.9796425425567353
-0.9850104359668234
-0.9895617556220649
-0.9932940434499291
-0.9962052963733676
-0.9982939598907875
-0.9995589230257009
-0.9999995146804612
-0.9996155014186686
-0.9984070866911446
-0.996374911510616
-0.9935200565706012
-0.9898440457943437
-0.9853488512897975
-0.9800368996769608
-0.9739110797440301
-0.9669747513787927
-0.9592317557117913
-0.950686426397547
-0.9413436019500454
-0.9312086390383434
-0.920287426637944
-0.9085864009233413
-0.8961125607768593
-0.8828734837789883
-0.868877342535576
-0.8541329211876814
-0.838649631940924
-0.8224375314426898
-0.8055073368276895
-0.7878704412454465
-0.7695389286773643
-0.750525587846194
-0.730843925017226
-0.7105081754886856
-0.6895333135682031
-0.6679350608341212
-0.6457298924834312
-0.6229350415739909
-0.5995685009762158
-0.5756490228595793
-0.5511961155516084
-0.5262300376216748
-0.500771789059302
-0.4748430994356604
-0.44846641295896966
-0.4216648703577592
-0.3944622875519035
-0.3668831310979237
-0.3389524904240872
-0.3106960468998568
-0.2821400398146356
-0.2533112293710116
-0.22423685682790317
-0.19494460195866498
-0.16546253801766184
-0.13581908443588198
-0.10604295749117763
-0.07616311922157876
-0.04620872486983027
-0.016209069164461833
0.013806468244026596
0.04380847786335938
0.07376757562145965
0.10365445797355836
0.13343995651955576
0.1630950918024861
0.19259112596851352
0.22189961398210706
0.25099245310658014
0.27984193037997174
0.3084207678387475
0.3367021652666363
0.36465984027288295
0.39226806553254484
0.4195017030510272
0.44633623534518396
0.472747793463724
0.4987131817997743
0.5242098996780162
0.549216159727388
0.573710903077557
0.5976738114430283
0.6210853161825872
0.6439266044434698
0.6661796225193496
0.6878270765683564
0.7088524308524464
0.7292399036718682
0.7489744611787754
0.7680418092618926
0.7864283836999152
0.8041213387848798
0.821108534618404
0.837378523283529
0.8529205340929824
0.8677244581114112
0.881780832144333
0.8950808223808048
0.9076162078697935
0.9193793640026325
0.9303632461654371
0.9405613737163284
0.9499678144329587
0.9585771695658958
0.9663845596235747
0.973385611004177
0.9795764435797186
0.9849536593271851
0.989514332091427
0.9932559985542779
0.9961766504742362
0.9982747282510002
0.9995491158592436
0.9999991371861495
0.9996245537973727
0.9984255641464379
0.9964028042328799
0.9935573497046845
0.9898907193909727
0.9854048802410661
0.9801022536363732
0.9739857230316302
0.9670586428720338
0.9593248487229615
0.9507886685386325
0.9414549349860359
0.9313289987301325
0.9204167425760975
0.9087245963540251
0.8962595524215022
0.8830291816492435
0.8690416497452453
0.8543057337634818
0.8388308386339802
0.8226270135427896
0.8057049679823177
0.7880760872858779
0.7697524474539607
0.7507468290752051
0.7310727301414325
0.7107443775541384
0.6897767371194676
0.668185521830217
0.6459871982368086
0.6231989907145776
0.5998388834427404
0.5759256199199899
0.5514786998543815
0.5265183732797081
0.5010656317676225
0.4751421966242252
0.44877050398138296
0.4219736867166006
0.39477555316082213
0.36720056258067457
0.33927379745005193
0.31102093255540353
0.28246820100928244
0.25364235727702894
0.22457063735164087
0.1952807162415335
0.16580066296440535
0.13615889326750583
0.10638412031952889
0.07650530364244454
0.04655159657113677
0.016552292546003544
-0.013463229443058531
-0.043465559932791366
-0.07342531424841355
-0.10331318761436482
-0.13310000977916328
-0.16275679882504326
-0.19225481384277032
-0.2215656061649639
-0.25066106886805894
-0.27951348427257655
-0.30809556919385594
-0.33638051772038163
-0.36434204132354875
-0.39195440613128146
-0.41919246722723574
-0.4460316998676852
-0.47244822753837534
-0.4984188468039311
-0.5239210489318794
-0.5489330383019367
-0.5734337476384983
-0.5974028501298756
-0.6208207685217678
-0.643668681294065
-0.6659285260499049
-0.6875830002629923
-0.7086155595443696
-0.7290104136022028
-0.7487525200785844
-0.7678275764551502
-0.7862220102251409
-0.8039229675331317
-0.8209183004853011
-0.8371965533329832
-0.8527469477303736
-0.8675593672639732
-0.8816243414465621
-0.8949330293627865
-0.9074772031464698
-0.9192492314620215
-0.9302420631540492
-0.9404492112200011
-0.9498647372515481
-0.9584832364802922
-0.9662998235536893
-0.9733101191566373
-0.9795102375840979
-0.9848967753597817
-0.9894668009856361
-0.9932178458968122
-0.9961478966864723
-0.9982553886548986
-0.9995392007274378
-0.9999986517757603
-0.999633498367425
-0.9984439339587334
-0.9964305895362541
-0.9935945357028657
-0.9899372861941663
-0.9854608028016356
-0.9801675016690545
-0.9740602609188215
-0.9671424295548318
-0.9594178375787189
-0.9508908072459572
-0.9415661653782319
-0.9314492566382203
-0.9205459576626387
-0.9088626919391699
-0.8964064453026986
-0.8831847819162212
-0.8692058605919954
-0.8544784512989878
-0.8390119516937269
-0.8228164035029235
-0.8059025085786591
-0.7882816444398943
-0.7699658791079411
-0.7509679850389138
-0.7313014519525737
-0.7109804983549037
-0.6900200815515521
-0.6684359059505117
-0.646244429456051
-0.6234628677611818
-0.600109196353721
-0.5762021500610447
-0.5517612199708769
-0.5268066475801421
-0.501359416040949
-0.4754412383922601
-0.4490745426871142
-0.42228245394902353
-0.39508877291670164
-0.36751795156311534
-0.33959506540359324
-0.31134578263698254
-0.28279633019403005
-0.253973456797481
-0.22490439316869543
-0.195616809545144
-0.16613877070154204
-0.1364986886948093
-0.10672527357767891
-0.07684748234907286
-0.04689446642886747
-0.016895517962065072
0.013119984729337793
0.04312263221845311
0.07308303923506677
0.10297189978008696
0.13276004175774225
0.16241848079646715
0.1919184729383532
0.2212315658907161
0.2503296485493818
0.2791849985232935
0.3077703274122991
0.3360588236148912
0.3640241924695075
0.3916406935614153
0.41888317505661227
0.44572710495443213
0.47214859918088325
0.49812444647488563
0.5236321300491744
0.548649846036195
0.573156518756594
0.5971318128736287
0.6205561425206436
0.6434106775105629
0.665677346756008
0.6873388390459569
0.7083786013399268
0.7287808347531095
0.7485304884163932
0.767613251402949
0.7860155429189916
0.8037245009598838
0.8207279696344648
0.8370144853603428
0.8525732621310785
0.8673941760528304
0.8814677493434179
0.8947851339808351
0.9073380951815009
0.9191189948806949
0.930120775379317
0.9403369433120443
0.9497615540825138
0.9583891969014275
0.966214980553444
0.9732345200084616
0.979443923982832
0.9848397835455633
0.9894191618544574
0.9931795850968865
0.9961190346997588
0.9982359408632214
0.9995291774627107
0.9999980583540343
0.9996423351064835
0.998462196179122
0.9964582675457782
0.9936316147645968
0.989983746478213
0.9855166193210251
0.9802326442000966
0.9741346939065572
0.9672261120042455
0.9595107229324288
0.9509928432493702
0.9416772939330844
0.9315694136456958
0.9206750728573269
0.9090006887151552
0.8965532405333501
0.8833402857692066
0.8693699763412567
0.854651075135532
0.839192972537045
0.8230057028151372
0.806099960183455
0.7884871143483988
0.7701792253537467
0.7511890575246427
0.731530092310092
0.7112165398217345
0.6902633488655974
0.6686862152655355
0.6465015882800589
0.6237266749198694
0.6003794419811495
0.5764786156193668
0.5520436783009173
0.5270948629844995
0.5016531444009342
0.47574022731986326
0.4493785317128998
0.4225911747465897
0.3954019495639545
0.3678353008404459
0.3399162971285857
0.3116706000349381
0.2831244303033691
0.25430453090859884
0.22523812729459344
0.19595288492174406
0.16647686431540562
0.13683847383549724
0.1070664204119435
0.07718965851351095
0.047237337637893326
0.017238748627382207
-0.012776730871296861
-0.042779691474993636
-0.07274074732544342
-0.10263059120724226
-0.13242004918753772
-0.16208013444789482
-0.1915820999885615
-0.22089748989807656
-0.24999818889792227
-0.27885646989142593
-0.30744503926856037
-0.335737079743079
-0.3637062905253358
-0.39132692466241614
-0.4185738234066834
-0.4454224475041611
-0.47184890532431484
-0.49782997778310567
-0.5233431400408012
-0.5483665799844682
-0.5728792135324845
-0.5968606968241164
-0.6202914353810463
-0.6431525903495325
-0.6654260819516382
-0.6870945902912576
-0.7081415536756824
-0.7285511646261784
-0.7483083637612116
-0.7673988317440456
-0.78580897949222
-0.8035259368500592
-0.8205375399270959
-0.836832317305122
-0.8523994753148731
-0.8672288825799227
-0.8813110540208167
-0.8946371345065874
-0.9071988823339343
-0.9189886527067067
-0.9299993813798674
-0.9402245686231211
-0.9496582636499835
-0.9582950496482531
-0.9661300295378875
-0.9731588125720385
-0.9793775018868156
-0.9847826830950556
-0.989371414009096
-0.993141215567384
-0.9960900640295972
-0.9982163844949524
-0.9995190457883762
-0.9999973567493855
-0.9996510639487662
-0.9984803508483062
-0.9964858384092267
-0.993668587145259
-0.9900301006066041
-0.9855723302712457
-0.9802976818103877
-0.9742090226849229
-0.9673096910197927
-0.9596035056932316
-0.9510947775677232
-0.9417883217791895
-0.9316894709908964
-0.920804089508121
-0.9091385881393982
-0.8966999396800585
-0.8834956948836401
-0.869533998776917
-0.8548236071649137
-0.8393739031630721
-0.8231949135852221
-0.8062973250083687
-0.7886924993280287
-0.7703924886120574
-0.7514100490559975
-0.7317586538393629
-0.7114525046804614
-0.6905065418865104
-0.6689364526977494
-0.6467586777271774
-0.6239904153031782
-0.6006496235298857
-0.5767550198901332
-0.5523260782279104
-0.5273830229621709
-0.5019468204005824
-0.47603916704118
-0.44968247477144246
-0.4228998528978031
-0.3957150869640442
-0.3681526143441356
-0.3402374966233686
-0.3119953888112801
-0.28345250545964285
-0.25463558378961065
-0.22557184396187452
-0.19628894665353638
-0.16681494813409017
-0.13717825305971715
-0.10740756523051814
-0.07753183657801281
-0.04758021467037129
-0.017581989039826613
0.012433463349624144
0.04243673316599182
0.07239843397033352
0.10228925733831529
0.13208002750711897
0.1617417552185173
0.19124569043767467
0.2205633736409267
0.24966668538167303
0.2785278938635923
0.3071197002723631
0.33541528164224405
0.3633883310603428
0.3910130950399776
0.41826440792389485
0.44511772320837306
0.4715491417094485
0.4975354365228249
0.5230540747585561
0.548083236060124
0.5726018279450453
0.5965894980295848
0.6200266432243549
0.6428944160091594
0.6651747279153695
0.6868502503613069
0.70790441300128
0.7283213997615666
0.7480861427468745
0.767184314209016
0.7856023167751082
0.8033272721365152
0.8203470084013788
0.8366500463134938
0.8522255845384742
0.8670634842149564
0.8811542529638274
0.8944890285427249
0.9070595623262266
0.9188582027843699
0.9298778791238367
0.9401120852470908
0.9495548641753336
0.9582007930713722
0.9660449689884963
0.9730829954612539
0.9793109700438124
0.9847254728912833
0.9893235564691423
0.9931027364656839
0.9960609839723172
0.9981967189864467
0.9995088052818051
0.9999965466811234
0.9996596847563735
0.9984983979719322
0.9965133022764904
0.9937054531396176
0.9900763490195091
0.9856279362383257
0.9803626152322075
0.9742832481327293
0.9673931676270309
0.9596961870335555
0.9511966115203571
0.9418992503827569
0.9318094302867377
0.9209330093744026
0.9092763921173856
0.8968465447939883
0.883651011455814
0.8696979302397233
0.8549960498715726
0.8395547461990166
0.8233840385821496
0.8064946059629982
0.7888978024277681
0.770605672069808
0.7516309629563488
0.7319871399985165
0.7116883965221553
0.6907496643363238
0.6691866220980697
0.6470157017749623
0.6242540930128526
0.6009197452233149
0.5770313672156349
0.5526084242101315
0.5276711320844246
0.5022404487209338
0.476338062343646
0.4499863767530307
0.4232084933921201
0.39602819020173885
0.3684698972502372
0.34055866915116967
0.31232015431201465
0.2837805610872096
0.25496662093863837
0.22590554873765514
0.19662500037175115
0.16715302784790786
0.1375180321117067
0.10774871382635455
0.07787402237885817
0.047923103400483974
0.017925245105919814
-0.012090176231053677
-0.04209375133712348
-0.07205609320016793
-0.10194789219421543
-0.13173997073377164
-0.1614033371278091
-0.1909092383132618
-0.22022921116079697
-0.24933513206201488
-0.27819926452685684
-0.3067943045423038
-0.3350934234683085
-0.3630703082735199
-0.390699198941848
-0.41795492291037
-0.4448129264290964
-0.4712493027636827
-0.4972408171921709
-0.522764928776538
-0.5477998089184145
-0.5723243567357176
-0.596318211322597
-0.6197617609790378
-0.6426361495185017
-0.6649232797813908
-0.6866058144998588
-0.7076671746743076
-0.7280915356348218
-0.747863820970917
-0.7669696945212507
-0.7853955506206302
-0.8031285028054023
-0.8201563711801138
-0.836467668648222
-0.8520515862078073
-0.8668979775100805
-0.8809973428737399
-0.8943408129424972
-0.9069201321662691
-0.9187276422787722
-0.9297562659359471
-0.9399994906706328
-0.9494513533094102
-0.9581064249878941
-0.9659597968906184
-0.9730070668315788
-0.9792443267811873
-0.9846681514351708
-0.9892755879106477
-0.9930641466444424
-0.9960317935585313
-0.9981769435475505
-0.999498455333247
-0.9999956277209755
-0.9996681972834808
-0.9985163374875264
-0.9965406592692176
-0.993742213054135
-0.9901224922087694
-0.9856834379000025
-0.9804274453295541
-0.9743573713005294
-0.9674765430632483
-0.9597887683774653
-0.951298346718082
-0.9420100815411637
-0.9319292935168918
-0.9210618346257404
-0.9094141030040556
-0.8969930584147837
-0.8838062382092852
-0.869861773636221
-0.855168406343958
-0.8397355049140408
-0.8235730812544095
-0.8066918066736285
-0.7891030274500056
-0.7708187797036411
-0.7518518033745794
-0.7322155551064733
-0.7119242198334164
-0.6909927208667864
-0.6694367282805989
-0.6472726653969646
-0.6245177131787705
-0.6011898123443066
-0.5773076630282472
-0.5528907218257815
-0.5279591960713084
-0.5025340352198067
-0.47663691921852747
